169,45
169,44
169,43
169,42
169,41
169,40
169,39
169,38
169,37
169,36
169,35
10,3
11,16
11,20
11,12
11,9
11,28
9,7
9,2
9,3
8,14
8,12
8,8
8,7
8,10
8,2
8,3
147,361
147,360
147,359
147,358
147,357
147,356
147,355
147,354
147,353
147,352
147,351
147,350
147,349
147,348
147,347
147,346
147,345
147,344
147,343
147,342
147,341
147,340
147,339
147,338
147,337
147,336
147,335
147,334
147,333
147,332
147,331
147,330
147,329
147,328
147,327
147,326
147,325
147,324
147,323
147,322
147,321
147,320
147,319
147,318
147,317
147,316
147,315
147,314
147,313
147,312
147,311
147,310
147,309
147,308
147,307
147,306
147,305
147,304
147,303
147,302
147,301
147,300
147,299
147,298
147,297
147,296
147,295
147,294
147,293
147,292
147,291
147,191
147,190
147,189
147,188
147,187
147,186
147,185
147,184
147,183
147,182
147,181
147,180
147,179
147,178
145,29
145,28
145,27
145,26
145,25
145,24
145,23
145,22
145,21
145,20
145,19
145,16
145,15
145,14
145,13
145,12
145,11
145,10
145,9
145,8
145,7
145,6
145,5
145,3
145,1
20,3
20,2
20,1
19,3
19,2
19,1
18,3
18,1
14,7
14,5
14,3
14,1
13,3
13,1
12,3
12,2
12,1
11,27
11,26
11,25
11,24
11,22
11,21
11,18
11,17
11,11
11,8
11,5
11,3
2,3
11,2
11,1
